ƒ(-ÿ({{!(
4477777(
4477777777,777,77,7884,4477777(
4477777777,77(
447777777,77,7884,7777,77,78,778,7777,77,78,8,77,77,78,7(
447777777,77,7884,7777,77,78,778,7777,77,78,778,77,77,78,778,777,77,77,
Ù¿4,7777,77,7877777,77,78,778,7777,77,78,778,77,77,78,7,77,78,8,77,77,78,7(
447777777,77,7884,7777,77,78,778,7777,77,78,778,77,77,78,778,777,77,77,
Ù¿4,7777,77,7877777,77,78,778,7777,77,78,778,77,77,78,778,777,77,77,
Ù¿4,7777,77,7878,778,7777,77,78,778,77,77,78,778,777,77,77,
Ù¿4,7777,77,7878,777,77,77,
Ù¿4,777,78,7,77,777,7"7,7884,[77,777,77,777,7"7,7884,[77,77ì47